28.067597925662994
24.537059664726257
24.224265187978745
24.05186304450035
23.903625920414925
23.72174082696438
23.46900211274624
23.335108146071434
23.0129826515913
22.971243232488632
24.269795134663582
24.079987913370132
23.703168958425522
23.39374867081642
23.66370625793934
23.115838780999184
23.35027641057968
23.01507879793644
23.240112006664276
23.02193021774292
23.272305950522423
22.934870928525925
22.58514265716076
22.72968302667141
22.63337466865778
22.75818508863449
22.797983184456825
22.66411378979683
21.98561157286167
22.97192421555519
22.198755234479904
21.863591715693474
22.056619584560394
21.533737421035767
21.797452211380005
21.41219338774681
21.467137023806572
21.177161395549774
21.073074087500572
21.228709541261196
22.020076230168343
22.230604127049446
21.16187969595194
20.315572641789913
21.373399533331394
21.016777455806732
21.458906032145023
20.971803978085518
21.746458157896996
21.12251538783312
