28.243859954178333
24.756239339709282
24.738870158791542
24.609272837638855
24.432368457317352
24.255367547273636
23.973891958594322
23.799817696213722
23.71219588816166
23.459009751677513
23.39257976412773
23.428367882966995
23.1041090041399
23.140818566083908
23.045168846845627
22.657423809170723
22.61494778096676
22.796970084309578
22.38876610994339
22.115968100726604
21.946031406521797
22.096101477742195
22.613563269376755
23.19689680635929
22.818273410201073
22.20318666100502
21.16374272108078
21.602579176425934
21.35365054756403
22.609051153063774
21.939251981675625
22.1281621158123
21.282117687165737
20.857383005321026
21.68277771770954
20.957285799086094
22.434819012880325
23.712393060326576
21.28058598935604
20.95177821815014
21.192058205604553
20.10302396118641
20.862393856048584
20.055199809372425
20.201814509928226
20.35912822186947
21.965635247528553
22.147866651415825
20.248198568820953
19.31371061503887
