28.0370931699872
24.09036234021187
24.037363529205322
23.830662921071053
23.590937688946724
23.612767279148102
23.321326330304146
23.227035120129585
22.836808815598488
22.65635474026203
22.679886922240257
22.518221527338028
22.251382902264595
22.28021803498268
22.062860786914825
21.852579280734062
21.752144008874893
21.559000983834267
21.766355201601982
21.7946694791317
23.072149217128754
22.134485602378845
22.146813586354256
22.22480945289135
21.64356668293476
21.60935467481613
21.389896884560585
21.499707087874413
21.200840160250664
20.84372052550316
21.33391645550728
21.318471014499664
21.386880487203598
20.4361634850502
21.109616667032242
20.073119804263115
22.571244306862354
20.842463299632072
21.180176571011543
21.253752395510674
20.367006793618202
20.63919833302498
20.460622400045395
20.675760611891747
20.843979388475418
20.25202402472496
20.611100785434246
20.19400542974472
20.48291625827551
20.77226847410202
