27.874727871268988
24.410109132528305
24.34807701408863
24.307547852396965
24.080188661813736
23.95095084607601
23.85183982551098
23.75110200047493
23.669108226895332
23.534087479114532
24.08245113492012
23.6627689152956
23.518764555454254
23.269594237208366
23.21933487057686
22.815315887331963
22.591320991516113
22.009852439165115
23.894698053598404
23.334095865488052
22.816949546337128
22.340200394392014
22.010005936026573
21.868513256311417
22.39631174504757
21.929140836000443
21.944796174764633
21.61619508266449
21.468548998236656
21.566426798701286
21.150577560067177
22.185177966952324
21.220544934272766
21.424146309494972
21.514491356909275
21.266743645071983
21.02419939637184
21.336748585104942
21.197757460176945
20.75582032650709
21.359321869909763
20.88575179874897
20.631605118513107
20.020788192749023
21.04683405160904
20.02296894788742
21.268237099051476
19.267451532185078
19.267806127667427
20.17655711621046
