28.263184033334255
24.480039581656456
24.54846501350403
24.34689612686634
24.764253690838814
24.04436920583248
23.823943227529526
23.73806455731392
23.595084384083748
23.694481149315834
23.47940966486931
23.489858016371727
23.373647436499596
23.137454316020012
23.102066218852997
23.164605513215065
22.73663902282715
23.31090308725834
22.7661474943161
22.254030629992485
22.27153640985489
22.314094349741936
21.982666864991188
21.75724769383669
22.11296407878399
21.61097852885723
21.482304885983467
21.499363377690315
21.297835648059845
21.58091799914837
22.28554344177246
23.737204492092133
22.91594871878624
22.085485756397247
21.51228864490986
21.002823024988174
20.735242806375027
20.728463351726532
22.06861775368452
20.979990735650063
20.525486774742603
20.418187603354454
20.930185601115227
20.56168734282255
19.60193671286106
19.513362646102905
20.884623393416405
21.012862488627434
19.884836614131927
19.465156614780426
